finish
Times: [56.2, 54.15, 54.36, 54.27, 55.39, 59.19, 58.49, 58.43, 58.61, 58.65, 58.53, 58.37, 58.35, 58.59, 58.4, 58.81, 58.43, 58.28, 58.41, 58.48, 58.72, 58.55, 58.58, 58.67, 58.6, 58.34, 57.66, 57.51, 57.73, 57.57, 57.69, 57.77, 57.75, 57.54, 57.71, 57.9, 57.52, 57.69, 57.47, 57.43, 57.43, 58.33, 57.94, 57.59, 57.76, 57.98, 57.5, 57.82, 57.75, 57.71]
Values: [9.450786379971987e-05, 0.0006997389815062149, 0.00032767727099525246, 0.00011015448076179268, 0.0002253019001123846, 0.00023193448238956194, 0.0010457836575952228, 0.00025258726651244956, 0.00011099859014152003, 0.0007373536774579748, 0.0006915734038344112, 0.0003952904927366774, 0.00018959076750491022, 0.00022752403186743209, 0.0002684608268843647, 0.0027190053536152448, 0.0007496105370350392, 0.002742930035964264, 0.004424934692437432, 0.0005319713188036701, 0.0005124437946903981, 0.0005870510600054502, 6.613832793789243e-05, 0.000611769275863594, 0.006220799948323474, 0.0035443244903916593, 0.0004481008920791396, 0.00254403391576119, 0.0005967047302206652, 0.007168087625000652, 0.0003452232014922174, 0.006935888269040902, 0.0010051455091684147, 0.0005349292122112104, 0.0003020796281489879, 0.005101176836884491, 0.0026150786567313844, 0.0004208485232233272, 0.0007307598642150026, 0.0003981163663056009, 0.0003924002396757942, 8.568578965295615e-05, 0.000636024918883038, 0.00013544642951401897, 0.0005662517418905111, 0.004551985329687369, 0.0016467990439217317, 0.0013755617485777805, 0.0001809663500225156, 0.0006513437771182851]