finish
Times: [99.26, 95.26, 94.11, 94.04, 94.35, 100.93, 101.01, 98.27, 97.27, 98.65, 97.97, 98.01, 97.29, 98.24, 100.91, 98.95, 97.71, 99.84, 101.28, 100.79, 101.05, 98.0, 96.22, 98.33, 95.05, 95.37, 95.33, 94.51, 94.34, 94.41, 94.92, 94.84, 94.89, 94.31, 94.88, 96.47, 94.99, 94.78, 97.55, 97.42, 95.32, 95.24, 95.25, 94.08, 96.32, 99.86, 97.63, 97.07, 94.26, 93.84]
Costs: [3031.1166464588805, 3060.480250304466, 3124.121529332022, 2978.9926299433196, 3102.6142366477084, 3074.3490916247797, 3104.8401978609063, 3064.8514342701674, 3135.9040522285486, 3037.896678463858, 3005.8164968740716, 3047.569875091431, 3059.191286364562, 3115.2758701238686, 3048.1064687639296, 3122.204176049817, 3037.667696835871, 3082.939617972057, 3103.5136861582414, 3124.791705391602, 3143.5756108508817, 3052.285478417075, 3094.553038073314, 3130.0386190523905, 3151.280639560019, 3071.9101842349355, 3137.860976132757, 3159.8644314643966, 3183.3142954377304, 3136.610499483473, 3092.0024024065337, 3152.24865151767, 3112.5391830228327, 3071.759795658149, 3091.2530363070487, 3099.7760293277765, 3096.5869149979694, 3139.643003025795, 3098.6246475954763, 3143.191798814773, 3037.7607253466986, 3145.653189415609, 3166.447071648413, 3129.3499446843775, 3103.653106816128, 3026.4290559361552, 3062.2010601830034, 3065.490246247241, 2977.975737159258, 3059.4368390384466]